1046024
1047124
1050224
1051324
1054424
1058624
1070725
1078925
1096825
1101225
1106625
1108825
1110425
1122525
1122825
1123325
1123425
1123525
1124125
1124225
1124725
1124925
1125425
1125525
1126625
1127025
1127325
1127625
1127725
1128425
1128725
1129325
1129425
1129525
1130025
1130325
1130925
1131125
1131225
1131325
1131625
1131825
1131925
1132225
1132525
1132725
1132925
1133425
1133725
1134025
1134125
1134325
1134825
1135225
1135826
1136026
1136426
1137326
1137526
1137826
1137926
1138326
1138426
1138826
1139026
1139326
1140226
1144526
1146726
976923
